0 0 0 0 0 0 0 0 0 0 0 0 0 0 0 0 0 0 0 0 0 0 0 0 0 0 0 0 0 0 0 0 0 0 0 0
3 4 8 1 9 9 9 0 4 5 6 3 1 1 1 9 11 2 3 2 1 1 9 0 6 7 1 1 2 9 6 3 4 8 7 1
0 0 0 0 0 0 0 0 0 0 0 0 0 0 0 0 0 0 0 0 0 0 0 0 0 0 0 0 0 0 0 0 0 0 0 0
9 3 7 0 2 3 11 3 9 0 2 2 9 1 8 8 5 1 6 11 3 2 10 8 2 2 4 13 8 3 11 7 4 1 3 10
4 10 7 3 9 2 1 11 0 3 2 11 5 1 2 7 4 8 0 6 2 8 1 6 10 2 2 10 1 9 0 7 10 4 2 12
0 0 0 0 0 0 0 0 0 0 0 0 0 0 0 0 0 0 0 0 0 0 0 0 0 0 0 0 0 0 0 0 0 0 0 0
0 0 0 0 0 0 0 0 0 0 0 0 0 0 0 0 0 0 0 0 0 0 0 0 0 0 0 0 0 0 0 0 0 0 0 0
4 3 4 0 10 7 2 1 8 7 1 10 2 9 3 5 8 3 3 12 2 2 2 1 12 6 3 11 6 4 3 3 1 8 0 7
0 0 0 0 0 0 0 0 0 0 0 0 0 0 0 0 0 0 0 0 0 0 0 0 0 0 0 0 0 0 0 0 0 0 0 0
10 3 6 2 9 10 9 0 8 5 1 2 1 5 1 0 2 3 6 3 7 1 2 1 3 7 8 2 11 1 7 2 9 7 3 3
